0.500000 6.580987E-02 1.890533E-03
1.500000 1.301774E-02 8.962716E-05
2.500000 7.617659E-03 1.534101E-04
3.500000 5.407407E-03 9.802210E-05
4.500000 4.196266E-03 7.549230E-05
5.500000 3.431158E-03 4.343496E-05
6.500000 2.903620E-03 3.736484E-05
7.500000 2.517685E-03 1.494695E-05
8.500000 2.223398E-03 2.823094E-05
9.500000 1.991273E-03 3.415461E-05
10.500000 1.804053E-03 2.973793E-05
11.500000 1.649679E-03 2.637942E-05
12.500000 1.520039E-03 2.532368E-05
13.500000 1.409836E-03 2.297099E-05
14.500000 1.315409E-03 2.154976E-05
15.500000 1.232926E-03 1.197128E-05
16.500000 1.160847E-03 2.002817E-05
17.500000 1.097088E-03 1.995109E-05
18.500000 1.040540E-03 1.656866E-05
19.500000 9.897585E-04 1.940790E-05
20.500000 9.442539E-04 1.670551E-05
21.500000 9.029560E-04 1.692587E-05
22.500000 8.655457E-04 1.642391E-05
23.500000 8.315158E-04 1.702794E-05
24.500000 8.003781E-04 1.521078E-05
25.500000 7.716631E-04 1.054750E-05
26.500000 7.452204E-04 1.334405E-05
27.500000 7.210690E-04 1.336764E-05
28.500000 6.985890E-04 1.085167E-05
29.500000 6.777429E-04 1.395537E-05
30.500000 6.583616E-04 1.413842E-05
31.500000 6.403513E-04 1.202621E-05
32.500000 6.235242E-04 1.190727E-05
33.500000 6.079178E-04 1.289309E-05
34.500000 5.931189E-04 1.134605E-05
35.500000 5.794469E-04 1.347272E-05
36.500000 5.665072E-04 1.251158E-05
37.500000 5.543752E-04 1.136345E-05
38.500000 5.430319E-04 1.130055E-05
39.500000 5.322896E-04 1.066672E-05
40.500000 5.222609E-04 1.131798E-05
41.500000 5.128144E-04 1.098279E-05
42.500000 5.038374E-04 1.237182E-05
43.500000 4.954802E-04 1.159480E-05
44.500000 4.875737E-04 1.089493E-05
45.500000 4.799489E-04 1.122854E-05
46.500000 4.729627E-04 1.148485E-05
47.500000 4.662018E-04 9.448998E-06
48.500000 4.599291E-04 1.161006E-05
49.500000 4.539570E-04 9.766708E-06
50.500000 4.484168E-04 1.078166E-05
51.500000 4.430832E-04 7.775544E-06
52.500000 4.380877E-04 1.049432E-05
53.500000 4.333550E-04 1.053134E-05
54.500000 4.289605E-04 8.508001E-06
55.500000 4.248476E-04 1.124051E-05
56.500000 4.208849E-04 9.915019E-06
57.500000 4.172979E-04 1.099723E-05
58.500000 4.138048E-04 1.069450E-05
59.500000 4.106309E-04 1.020966E-05
60.500000 4.076636E-04 1.059657E-05
61.500000 4.048653E-04 9.723388E-06
62.500000 4.022549E-04 1.042726E-05
63.500000 3.998886E-04 1.040985E-05
64.500000 3.977664E-04 9.903274E-06
65.500000 3.956818E-04 1.021521E-05
66.500000 3.937850E-04 9.830350E-06
67.500000 3.922074E-04 9.506359E-06
68.500000 3.907050E-04 9.931541E-06
69.500000 3.894092E-04 9.966336E-06
70.500000 3.883011E-04 9.544973E-06
71.500000 3.873058E-04 9.821482E-06
72.500000 3.865170E-04 9.017376E-06
73.500000 3.857658E-04 9.217389E-06
74.500000 3.852963E-04 9.751517E-06
75.500000 3.849958E-04 9.844848E-06
76.500000 3.848080E-04 9.706352E-06
77.500000 3.847704E-04 1.081292E-05
78.500000 3.848643E-04 1.062868E-05
79.500000 3.851648E-04 1.042863E-05
80.500000 3.855968E-04 9.284490E-06
81.500000 3.861038E-04 9.992060E-06
82.500000 3.869114E-04 1.024153E-05
83.500000 3.877565E-04 1.012034E-05
84.500000 3.888833E-04 1.001890E-05
85.500000 3.900853E-04 1.011930E-05
86.500000 3.914374E-04 9.146454E-06
87.500000 3.929586E-04 1.105310E-05
88.500000 3.946864E-04 8.871904E-06
89.500000 3.966208E-04 9.420493E-06
90.500000 3.985740E-04 1.224064E-05
91.500000 4.008651E-04 1.091876E-05
92.500000 4.031939E-04 1.070152E-05
93.500000 4.057668E-04 1.022791E-05
94.500000 4.085838E-04 1.080884E-05
95.500000 4.115511E-04 9.523308E-06
96.500000 4.147062E-04 1.022105E-05
97.500000 4.180679E-04 1.198132E-05
98.500000 4.216737E-04 1.173652E-05
99.500000 4.254861E-04 1.150603E-05
100.500000 4.295239E-04 1.153014E-05
101.500000 4.338245E-04 1.194786E-05
102.500000 4.383318E-04 1.030664E-05
103.500000 4.430269E-04 1.193121E-05
104.500000 4.480976E-04 1.205502E-05
105.500000 4.533748E-04 9.833285E-06
106.500000 4.589526E-04 1.130703E-05
107.500000 4.648871E-04 1.215528E-05
108.500000 4.710846E-04 1.324308E-05
109.500000 4.776765E-04 1.560740E-05
110.500000 4.844374E-04 1.231780E-05
111.500000 4.917617E-04 1.244518E-05
112.500000 4.994053E-04 1.165176E-05
113.500000 5.074245E-04 1.490254E-05
114.500000 5.158193E-04 1.250261E-05
115.500000 5.247023E-04 1.449827E-05
116.500000 5.340925E-04 1.341529E-05
117.500000 5.438958E-04 1.186802E-05
118.500000 5.543188E-04 1.265798E-05
119.500000 5.652302E-04 1.282461E-05
120.500000 5.767237E-04 1.313267E-05
121.500000 5.887807E-04 1.395481E-05
122.500000 6.016639E-04 1.504681E-05
123.500000 6.151294E-04 1.363392E-05
124.500000 6.293085E-04 1.423635E-05
125.500000 6.444830E-04 1.565099E-05
126.500000 6.603335E-04 1.564387E-05
127.500000 6.771607E-04 1.517166E-05
128.500000 6.950583E-04 1.560025E-05
129.500000 7.138573E-04 1.697601E-05
130.500000 7.338208E-04 1.496657E-05
131.500000 7.550989E-04 1.743992E-05
132.500000 7.775976E-04 1.579188E-05
133.500000 8.015425E-04 1.796987E-05
134.500000 8.270837E-04 1.769540E-05
135.500000 8.541648E-04 1.814034E-05
136.500000 8.831240E-04 1.776258E-05
137.500000 9.139425E-04 1.831667E-05
138.500000 9.470146E-04 1.853592E-05
139.500000 9.826032E-04 2.032002E-05
140.500000 1.020295E-03 2.068117E-05
141.500000 1.060955E-03 1.984751E-05
142.500000 1.104619E-03 1.908788E-05
143.500000 1.151626E-03 2.312153E-05
144.500000 1.202445E-03 2.079373E-05
145.500000 1.257378E-03 2.263998E-05
146.500000 1.316517E-03 2.379340E-05
147.500000 1.381027E-03 2.677964E-05
148.500000 1.451021E-03 2.234640E-05
149.500000 1.527213E-03 2.747041E-05
150.500000 1.610578E-03 2.906983E-05
151.500000 1.701719E-03 2.657835E-05
152.500000 1.801987E-03 2.618800E-05
153.500000 1.912021E-03 3.226657E-05
154.500000 2.033905E-03 3.366119E-05
155.500000 2.168935E-03 3.774037E-05
156.500000 2.319177E-03 3.946399E-05
157.500000 2.487073E-03 3.646331E-05
158.500000 2.675251E-03 3.941993E-05
159.500000 2.887469E-03 4.250447E-05
160.500000 3.128044E-03 4.443646E-05
161.500000 3.402236E-03 4.496766E-05
162.500000 3.716242E-03 5.134489E-05
163.500000 4.079265E-03 5.021565E-05
164.500000 4.501634E-03 5.603198E-05
165.500000 4.997621E-03 5.679292E-05
166.500000 5.586195E-03 5.722012E-05
167.500000 6.292146E-03 6.643747E-05
168.500000 7.150968E-03 5.905854E-05
169.500000 8.212054E-03 7.897489E-05
170.500000 9.547145E-03 8.581874E-05
171.500000 1.126761E-02 1.052464E-04
172.500000 1.354565E-02 1.174075E-04
173.500000 1.667351E-02 1.292103E-04
174.500000 2.117665E-02 1.487882E-04
175.500000 2.809343E-02 1.972404E-04
176.500000 3.979730E-02 2.434845E-04
177.500000 6.300973E-02 3.504316E-04
178.500000 1.266261E-01 6.767541E-04
179.500000 3.306457E+00 6.444723E-02
