0.500000 1.124475E-01 2.160311E-03
1.500000 2.361698E-02 8.786335E-05
2.500000 1.337979E-02 7.991068E-05
3.500000 9.306548E-03 5.402624E-05
4.500000 7.105169E-03 3.958014E-05
5.500000 5.735566E-03 3.442288E-05
6.500000 4.795592E-03 2.908477E-05
7.500000 4.122518E-03 1.201253E-05
8.500000 3.607449E-03 2.242748E-05
9.500000 3.210466E-03 1.908615E-05
10.500000 2.886045E-03 1.682255E-05
11.500000 2.625857E-03 1.574647E-05
12.500000 2.406926E-03 1.519512E-05
13.500000 2.224049E-03 1.390050E-05
14.500000 2.061376E-03 1.347013E-05
15.500000 1.923208E-03 1.186622E-05
16.500000 1.802212E-03 1.157997E-05
17.500000 1.695644E-03 1.132672E-05
18.500000 1.601848E-03 1.050710E-05
19.500000 1.515653E-03 1.040126E-05
20.500000 1.441569E-03 9.269828E-06
21.500000 1.376906E-03 9.938151E-06
22.500000 1.311215E-03 9.453173E-06
23.500000 1.257656E-03 9.444785E-06
24.500000 1.208550E-03 8.803486E-06
25.500000 1.159138E-03 8.343807E-06
26.500000 1.118215E-03 8.427589E-06
27.500000 1.077759E-03 8.436023E-06
28.500000 1.042809E-03 8.125104E-06
29.500000 1.005826E-03 7.998855E-06
30.500000 9.751862E-04 7.651197E-06
31.500000 9.473631E-04 7.438308E-06
32.500000 9.214589E-04 7.521414E-06
33.500000 8.947545E-04 7.412965E-06
34.500000 8.704973E-04 6.298663E-06
35.500000 8.489530E-04 7.169277E-06
36.500000 8.274594E-04 7.002260E-06
37.500000 8.082973E-04 6.977961E-06
38.500000 7.890359E-04 6.973884E-06
39.500000 7.738637E-04 6.699703E-06
40.500000 7.565437E-04 6.619183E-06
41.500000 7.428440E-04 6.788881E-06
42.500000 7.266378E-04 7.048828E-06
43.500000 7.141840E-04 6.700375E-06
44.500000 7.022207E-04 6.302932E-06
45.500000 6.882174E-04 6.512095E-06
46.500000 6.772089E-04 6.337584E-06
47.500000 6.670949E-04 6.254233E-06
48.500000 6.567571E-04 6.146647E-06
49.500000 6.484487E-04 6.054806E-06
50.500000 6.366696E-04 6.149179E-06
51.500000 6.300229E-04 6.086897E-06
52.500000 6.209170E-04 6.217964E-06
53.500000 6.148120E-04 6.101965E-06
54.500000 6.062630E-04 6.067226E-06
55.500000 6.001138E-04 5.676625E-06
56.500000 5.931258E-04 5.947743E-06
57.500000 5.892014E-04 6.012630E-06
58.500000 5.822560E-04 6.074973E-06
59.500000 5.761139E-04 6.040075E-06
60.500000 5.725182E-04 5.850706E-06
61.500000 5.672224E-04 5.823010E-06
62.500000 5.621375E-04 5.872853E-06
63.500000 5.579534E-04 5.962584E-06
64.500000 5.558112E-04 6.007933E-06
65.500000 5.505332E-04 5.837043E-06
66.500000 5.484355E-04 5.994506E-06
67.500000 5.444913E-04 5.832409E-06
68.500000 5.415006E-04 5.917943E-06
69.500000 5.390144E-04 5.704721E-06
70.500000 5.371681E-04 5.830463E-06
71.500000 5.365279E-04 5.794555E-06
72.500000 5.339258E-04 5.801749E-06
73.500000 5.296692E-04 5.824928E-06
74.500000 5.315677E-04 5.883881E-06
75.500000 5.295576E-04 6.088326E-06
76.500000 5.294177E-04 5.924213E-06
77.500000 5.292050E-04 5.892804E-06
78.500000 5.278966E-04 6.216227E-06
79.500000 5.283324E-04 5.969920E-06
80.500000 5.276718E-04 5.769541E-06
81.500000 5.281408E-04 5.865097E-06
82.500000 5.292862E-04 5.943998E-06
83.500000 5.285834E-04 5.757056E-06
84.500000 5.306063E-04 5.829344E-06
85.500000 5.310002E-04 6.109717E-06
86.500000 5.320485E-04 5.817850E-06
87.500000 5.346970E-04 6.345274E-06
88.500000 5.361103E-04 5.902805E-06
89.500000 5.373937E-04 5.997102E-06
90.500000 5.408186E-04 6.199358E-06
91.500000 5.427132E-04 6.335240E-06
92.500000 5.464096E-04 6.122662E-06
93.500000 5.492599E-04 6.047737E-06
94.500000 5.517439E-04 6.368644E-06
95.500000 5.567439E-04 6.259668E-06
96.500000 5.599503E-04 6.266468E-06
97.500000 5.640708E-04 6.386130E-06
98.500000 5.679530E-04 6.266585E-06
99.500000 5.734038E-04 6.317882E-06
100.500000 5.784027E-04 6.519983E-06
101.500000 5.839158E-04 6.540094E-06
102.500000 5.893418E-04 6.379814E-06
103.500000 5.944100E-04 6.604448E-06
104.500000 6.017262E-04 6.743911E-06
105.500000 6.082905E-04 6.657085E-06
106.500000 6.157813E-04 6.483806E-06
107.500000 6.219262E-04 6.687380E-06
108.500000 6.326166E-04 6.648995E-06
109.500000 6.387020E-04 7.255925E-06
110.500000 6.490400E-04 7.294469E-06
111.500000 6.570694E-04 7.248612E-06
112.500000 6.676835E-04 6.927859E-06
113.500000 6.774402E-04 7.638754E-06
114.500000 6.889414E-04 7.762879E-06
115.500000 7.001318E-04 7.598139E-06
116.500000 7.122264E-04 7.738453E-06
117.500000 7.251441E-04 7.659628E-06
118.500000 7.379804E-04 7.915169E-06
119.500000 7.526226E-04 8.052587E-06
120.500000 7.673956E-04 7.769312E-06
121.500000 7.831008E-04 8.011833E-06
122.500000 7.995717E-04 8.366649E-06
123.500000 8.176450E-04 8.271248E-06
124.500000 8.355961E-04 8.556222E-06
125.500000 8.561913E-04 8.892953E-06
126.500000 8.791616E-04 9.044613E-06
127.500000 8.979855E-04 8.885107E-06
128.500000 9.208005E-04 9.539798E-06
129.500000 9.471439E-04 9.392137E-06
130.500000 9.706706E-04 9.304177E-06
131.500000 9.995938E-04 9.712623E-06
132.500000 1.028101E-03 9.685258E-06
133.500000 1.058684E-03 1.022988E-05
134.500000 1.092318E-03 1.026225E-05
135.500000 1.127872E-03 1.023639E-05
136.500000 1.163607E-03 1.083909E-05
137.500000 1.207476E-03 1.107980E-05
138.500000 1.246403E-03 1.077023E-05
139.500000 1.292281E-03 1.149485E-05
140.500000 1.338627E-03 1.172941E-05
141.500000 1.392676E-03 1.217496E-05
142.500000 1.447843E-03 1.256385E-05
143.500000 1.508465E-03 1.297572E-05
144.500000 1.571942E-03 1.336596E-05
145.500000 1.639987E-03 1.353667E-05
146.500000 1.716335E-03 1.379493E-05
147.500000 1.799257E-03 1.483663E-05
148.500000 1.882808E-03 1.533825E-05
149.500000 1.980496E-03 1.605138E-05
150.500000 2.080220E-03 1.670509E-05
151.500000 2.193979E-03 1.712186E-05
152.500000 2.317323E-03 1.737542E-05
153.500000 2.451502E-03 1.839533E-05
154.500000 2.599657E-03 1.943050E-05
155.500000 2.761557E-03 2.010125E-05
156.500000 2.943430E-03 2.091266E-05
157.500000 3.143633E-03 2.102091E-05
158.500000 3.364411E-03 2.279069E-05
159.500000 3.610946E-03 2.446188E-05
160.500000 3.891909E-03 2.539267E-05
161.500000 4.202489E-03 2.596056E-05
162.500000 4.559574E-03 2.899720E-05
163.500000 4.960445E-03 3.015700E-05
164.500000 5.424824E-03 3.324111E-05
165.500000 5.959495E-03 3.443728E-05
166.500000 6.584549E-03 3.715115E-05
167.500000 7.305521E-03 4.035261E-05
168.500000 8.170614E-03 4.236641E-05
169.500000 9.198257E-03 4.886200E-05
170.500000 1.046119E-02 5.421176E-05
171.500000 1.199091E-02 5.943661E-05
172.500000 1.392296E-02 6.911826E-05
173.500000 1.638767E-02 7.657765E-05
174.500000 1.957740E-02 8.765841E-05
175.500000 2.383007E-02 1.121533E-04
176.500000 2.952568E-02 1.467366E-04
177.500000 3.631034E-02 2.022845E-04
178.500000 3.358441E-02 3.664835E-04
179.500000 -1.896921E+01 4.012246E-02
